clc;clear; close all

%% Front Front
ft1 = [4.2221 0.0061 0.5884 ];
ft2 = [ 4.1475 -0.0037 0.5120];

fr1 = [
   -0.0112   -0.2294    0.9733
   -0.9998    0.0185   -0.0072
   -0.0164   -0.9732   -0.2295   
];

fr2 = [
    0.0158   -0.2117    0.9772
   -0.9997    0.0142    0.0193
   -0.0179   -0.9772   -0.2115
];
ft_a = (ft1+ft2)'./2
fr_a = (fr1+fr2)./2

% %% Left Left
% lt1 = [ 2.3419 0.9506 1.1252 ];
% lt2 = [ 2.3188 0.9642 1.1298 ];
% lt3 = [ 2.5563 0.9698 1.1412 ];
% lt4 = [ 2.3441 1.1791 1.1231 ];
% lt5 = [ 2.1327 1.1260 1.1140 ];
% 
% lr1 = [
%     0.9926   -0.0547    0.1086
%    -0.1210   -0.5343    0.8366
%     0.0123   -0.8435   -0.5370
% ];
% 
% lr2 = [
%     0.9892   -0.0742    0.1263
%    -0.1464   -0.5392    0.8294
%     0.0066   -0.8389   -0.5442
% ];
% 
% lr3 = [
%     0.9942   -0.0397    0.1000
%    -0.1053   -0.5492    0.8290
%     0.0220   -0.8347   -0.5502
% ];
% lr4 = [
%     0.9944   -0.0293    0.1018
%    -0.1013   -0.5451    0.8322
%     0.0311   -0.8379   -0.5450
% ];
% lr5 = [
%     0.9867   -0.0569    0.1522
%    -0.1586   -0.5389    0.8273
%     0.0350   -0.8404   -0.5408
% ];

% %% Left Left -03-29-2022
% lt1 = [ 2.3419 0.9506 1.1252 ];
% lt2 = [ 2.3188 0.9642 1.1298 ];
% lt3 = [ 2.3475 0.9698 1.1412 ];
% lt4 = [ 2.3441 0.9703 1.1231 ];
% lt5 = [ 2.2803 0.9783 1.1140 ];
% 
% lr1 = [
%     0.9926   -0.0547    0.1086
%    -0.1210   -0.5343    0.8366
%     0.0123   -0.8435   -0.5370
% ];
% 
% lr2 = [
%     0.9892   -0.0742    0.1263
%    -0.1464   -0.5392    0.8294
%     0.0066   -0.8389   -0.5442
% ];
% 
% lr3 = [
%     0.9942   -0.0397    0.1000
%    -0.1053   -0.5492    0.8290
%     0.0220   -0.8347   -0.5502
% ];
% lr4 = [
%     0.9944   -0.0293    0.1018
%    -0.1013   -0.5451    0.8322
%     0.0311   -0.8379   -0.5450
% ];
% lr5 = [
%     0.9867   -0.0569    0.1522
%    -0.1586   -0.5389    0.8273
%     0.0350   -0.8404   -0.5408
% ];
% lt_a = (lt1+lt2+lt3+lt4+lt5)'./5
% lr_a = (lr1+lr2+lr3+lr4+lr5)./5

% %% Right Right
% rt1 = [ 2.4200 -1.0387 1.1388 ];
% rt2 = [ 2.3343  -1.0531 1.1456 ];
% rt3 = [ 2.4125  -1.0465  1.1415  ];
% rt4 = [ 2.3627  -1.0422  1.1406  ];
% 
% rr1 = [
%    -0.9996    0.0239    0.0142
%     0.0020    0.5713   -0.8207
%    -0.0277   -0.8204   -0.5712
% ];
% 
% rr2 = [
%    -0.9971   -0.0122    0.0752
%    -0.0683    0.5789   -0.8125
%    -0.0336   -0.8153   -0.5781
% ];
% 
% rr3 = [
%    -0.9998    0.0018    0.0219
%    -0.0169    0.5735   -0.8190
%    -0.0140   -0.8192   -0.5733
% 
% ];
% rr4 = [
%    -0.9980   -0.0248    0.0583
%    -0.0620    0.5714   -0.8183
%    -0.0130   -0.8203   -0.5718
% ];
% 
% 
% rt_a = (rt1+rt2+rt3+rt4)'./4
% rr_a = (rr1+rr2+rr3+rr4)./4
% 


% %% Rear Rear
% reart1 = [ -1.0109  -0.1406  0.6682  ];
% reart2 = [ -1.0178   0.0470 0.6676  ];
% reart3 = [  -1.1594 0.0097 0.6734];
% reart4 = [ -1.2318 0.0355 0.6772];
% 
% rearr1 = [
%     0.1843    0.6072   -0.7729
%     0.9828   -0.1034    0.1531
%     0.0130   -0.7878   -0.6158
% ];
% 
% rearr2 = [
%     0.0003    0.6158   -0.7879
%     0.9999    0.0092    0.0076
%     0.0119   -0.7879   -0.6157
% ];
% 
% rearr3 = [
%     0.1783    0.6123   -0.7703
%     0.9838   -0.0942    0.1528
%     0.0210   -0.7850   -0.6192
% ];
% rearr4 = [
%     0.0088    0.6229   -0.7823
%     0.9997    0.0109    0.0200
%     0.0210   -0.7822   -0.6226
% ];
% 
% 
% reart_a = (reart1+reart2+reart3+reart4)'./4
% rearr_a = (rearr1+rearr2+rearr3+rearr4)./4

%% Rear Rear 03-29-2022
reart1 = [ -1.0109  -0.1406  0.6682  ];
reart2 = [ -1.0178   0.0470 0.6676  ];
reart3 = [  -1.0118  -0.1379 0.6734];
reart4 = [ -1.0230 0.0355 0.6772];

rearr1 = [
    0.1843    0.6072   -0.7729
    0.9828   -0.1034    0.1531
    0.0130   -0.7878   -0.6158
];

rearr2 = [
    0.0003    0.6158   -0.7879
    0.9999    0.0092    0.0076
    0.0119   -0.7879   -0.6157
];

rearr3 = [
    0.1783    0.6123   -0.7703
    0.9838   -0.0942    0.1528
    0.0210   -0.7850   -0.6192
];
rearr4 = [
    0.0088    0.6229   -0.7823
    0.9997    0.0109    0.0200
    0.0210   -0.7822   -0.6226
];


reart_a = (reart1+reart2+reart3+reart4)'./4
rearr_a = (rearr1+rearr2+rearr3+rearr4)./4
