clc;clear; close all

%% Front Front
ft1 = [4.1670 0.0093 0.5131 ];
ft2 = [ 4.1478 -0.0037 0.5127];

fr1 = [
    -0.0078   -0.2128    0.9771
    -0.9999    0.0157   -0.0045
    -0.0144   -0.9770   -0.2129
    ];

fr2 = [
    0.0148   -0.2159    0.9763
    -0.9997    0.0139    0.0183
    -0.0176   -0.9763   -0.2156
    ];
ft_a = (ft1+ft2)'./2
fr_a = (fr1+fr2)./2

%% Left Left
lt1 = [ 2.3380 1.1346 1.0895 ];
lt2 = [ 2.3180 1.1374 1.0851 ];
lt3 = [ 2.3530  1.1406   1.0939  ];
lt4 = [ 2.3686 1.1320   1.0854  ];
lt5 = [ 2.3223  1.1413  1.0871  ];

lr1 = [
    0.9951   -0.0575    0.0799
    -0.0982   -0.6349    0.7663
    0.0067   -0.7705   -0.6375
    ];

lr2 = [
    0.9922   -0.0794    0.0962
    -0.1247   -0.6325    0.7645
    0.0002   -0.7705   -0.6374
    ];

lr3 = [
    0.9966   -0.0485    0.0662
    -0.0819   -0.6414    0.7628
    0.0054   -0.7656   -0.6432
    ];

lr4 = [
    0.9970   -0.0520    0.0576
    -0.0775   -0.6355    0.7682
    -0.0033   -0.7703   -0.6376
    ];

lr5 = [
    0.9916   -0.0847    0.0974
    -0.1290   -0.6341    0.7624
    -0.0028   -0.7686   -0.6397
    ];
lt_a = (lt1+lt2+lt3+lt4+lt5)'./5
lr_a = (lr1+lr2+lr3+lr4+lr5)./5


%% Right Right
rt1 = [ 2.4356 -1.1344 1.1033 ];
rt2 = [ 2.3492  -1.1423 1.1041 ];
rt3 = [ 2.4120  -1.1352  1.1012  ];
rt4 = [ 2.3559  -1.1330  1.1030  ];

rr1 = [
    -0.9998    0.0164    0.0062
    0.0055    0.6295   -0.7770
    -0.0166   -0.7768   -0.6295
    ];

rr2 = [
    -0.9974   -0.0207    0.0691
    -0.0666    0.6325   -0.7717
    -0.0277   -0.7742   -0.6323
    ];

rr3 = [
    -0.9997    0.0020    0.0229
    -0.0165    0.6276   -0.7784
    -0.0159   -0.7785   -0.6274
    ];
rr4 = [
    -0.9977   -0.0217    0.0640
    -0.0635    0.6271   -0.7764
    -0.0233   -0.7786   -0.6270
    ];


rt_a = (rt1+rt2+rt3+rt4)'./4
rr_a = (rr1+rr2+rr3+rr4)./4


%% Rear Rear 
reart1 = [ -1.0539  -0.1421  0.6623  ];
reart2 = [ -1.0582   0.0410 0.6600  ];
reart3 = [  -1.0516  -0.1321 0.6669];
reart4 = [ -1.0644 0.0377 0.6726];

rearr1 = [
        0.1823    0.6390   -0.7472
    0.9831   -0.1047    0.1503
    0.0178   -0.7620   -0.6473
    ];

rearr2 = [
       -0.0028    0.6459   -0.7634
    0.9999    0.0125    0.0069
    0.0140   -0.7633   -0.6459
    ];

rearr3 = [
    0.1741    0.6428   -0.7460
    0.9846   -0.0997    0.1439
    0.0181   -0.7595   -0.6502
    ];
rearr4 = [
        0.0034    0.6554   -0.7552
    0.9999    0.0084    0.0119
    0.0141   -0.7552   -0.6553
    ];


reart_a = (reart1+reart2+reart3+reart4)'./4
rearr_a = (rearr1+rearr2+rearr3+rearr4)./4
